# droping columns Misc_Val ,Pool_Area,3Ssn_Porch, Scren_Porch
Misc_Feature,Pool_QC  

Mas_Vnr_Type == CBlock
Garage_Cond === Ex
Garage_Qual == Ex
Bsmt_Qual == Po
Electrical == Mix

535427070 , 908154235 ,916176125,916125425,906426060,905301050,905301050,908154235,908154195,908154205,527258010,
528351010,528320050,902400110,528320050,528351010,916176125,528320050,528351010,533241030,908154235,908154195,908154205,
528106020,528360050,528320050,528351010,908154235,908154195,908154205,908154080,908154235,908154195,908154205,902400110,
908154235, 908154195 ,908154205,904301060,904301070,528228275,532476050,908103310,908103320,923276250,906230010,906230020,906230030,
909176080,909279010,908154195,909176080,532476050,916384070,903236040,923229100,528360050,533350050,528320050,528351010,
528320050,528320050
